01 0617 0832 1216 1334 1551 1758
02 0617 0831 1217 1335 1552 1759
03 0617 0831 1217 1336 1553 1800
04 0617 0831 1218 1337 1555 1801
05 0617 0830 1218 1338 1556 1802
06 0617 0830 1219 1340 1557 1803
07 0616 0829 1219 1341 1559 1804
08 0616 0829 1219 1342 1600 1806
09 0616 0828 1220 1343 1602 1807
10 0615 0827 1220 1344 1604 1808
11 0615 0826 1221 1346 1605 1809
12 0614 0825 1221 1347 1607 1811
13 0614 0824 1221 1348 1609 1812
14 0613 0823 1222 1350 1610 1813
15 0612 0822 1222 1351 1612 1815
16 0612 0821 1223 1353 1614 1816
17 0611 0820 1223 1354 1616 1818
18 0610 0819 1223 1356 1618 1819
19 0609 0818 1224 1357 1620 1821
20 0608 0816 1224 1359 1621 1822
21 0607 0815 1224 1400 1623 1824
22 0606 0813 1224 1402 1625 1825
23 0605 0812 1225 1403 1627 1827
24 0604 0810 1225 1405 1629 1829
25 0603 0809 1225 1406 1631 1830
26 0602 0807 1225 1408 1633 1832
27 0600 0806 1226 1410 1636 1834
28 0559 0804 1226 1411 1638 1835
29 0558 0802 1226 1413 1640 1837
30 0556 0801 1226 1415 1642 1839
31 0555 0759 1226 1416 1644 1840
