01 0506 0705 1303 1600 1851 2042
02 0508 0707 1302 1558 1848 2039
03 0510 0709 1302 1556 1845 2036
04 0511 0711 1302 1554 1843 2034
05 0511 0713 1302 1552 1840 2031
06 0511 0715 1301 1551 1838 2028
07 0519 0717 1301 1549 1835 2026
08 0521 0719 1301 1547 1833 2023
09 0523 0721 1300 1545 1830 2020
10 0525 0723 1300 1543 1827 2018
11 0527 0725 1300 1541 1825 2015
12 0529 0727 1300 1539 1822 2013
13 0531 0729 1259 1537 1820 2010
14 0533 0731 1259 1535 1817 2008
15 0535 0733 1259 1533 1815 2005
16 0537 0735 1259 1531 1812 2003
17 0539 0737 1258 1529 1810 2001
18 0541 0739 1258 1528 1808 1958
19 0543 0741 1258 1526 1805 1956
20 0545 0743 1258 1524 1803 1954
21 0547 0745 1258 1522 1800 1951
22 0549 0747 1258 1520 1758 1949
23 0551 0749 1257 1518 1756 1947
24 0553 0751 1257 1517 1753 1945
25 0555 0753 1257 1515 1751 1943
26 0556 0755 1257 1513 1749 1940
27 0558 0757 1257 1511 1746 1938
28 0600 0759 1257 1509 1744 1936
29 0602 0802 1257 1508 1742 1934
30 0604 0804 1257 1506 1740 1932
31 0606 0806 1257 1504 1737 1930
