01 0555 0807 1202 1327 1547 1751
02 0557 0808 1202 1327 1546 1750
03 0558 0810 1203 1326 1545 1750
04 0559 0811 1203 1326 1544 1749
05 0600 0813 1203 1325 1544 1749
06 0602 0814 1204 1325 1543 1749
07 0603 0816 1204 1325 1543 1748
08 0604 0817 1205 1325 1542 1748
09 0605 0819 1205 1324 1542 1748
10 0606 0820 1206 1324 1541 1748
11 0607 0821 1206 1324 1541 1748
12 0608 0822 1206 1324 1541 1748
13 0609 0823 1207 1324 1541 1748
14 0609 0824 1207 1324 1541 1748
15 0610 0825 1208 1324 1541 1748
16 0611 0826 1208 1325 1541 1748
17 0612 0827 1209 1325 1541 1749
18 0612 0828 1209 1325 1541 1749
19 0613 0828 1210 1325 1541 1749
20 0614 0829 1210 1326 1541 1750
21 0614 0830 1211 1326 1542 1750
22 0615 0830 1211 1327 1542 1750
23 0615 0831 1212 1327 1543 1751
24 0616 0831 1212 1328 1543 1752
25 0616 0831 1213 1328 1544 1752
26 0616 0832 1213 1329 1545 1753
27 0617 0832 1214 1330 1546 1754
28 0617 0832 1214 1331 1547 1754
29 0617 0832 1215 1331 1548 1755
30 0617 0832 1215 1332 1549 1756
31 0617 0832 1216 1333 1550 1757
