01 0327 0521 1310 1713 2049 2239
02 0327 0519 1310 1714 2051 2239
03 0327 0517 1310 1715 2053 2239
04 0327 0515 1310 1716 2055 2239
05 0327 0513 1310 1716 2057 2239
06 0327 0510 1310 1717 2059 2239
07 0327 0508 1310 1718 2101 2239
08 0327 0506 1310 1719 2103 2239
09 0327 0504 1309 1720 2105 2239
10 0327 0502 1309 1720 2107 2239
11 0327 0500 1309 1721 2108 2239
12 0327 0458 1309 1722 2110 2239
13 0327 0456 1309 1723 2112 2239
14 0327 0455 1309 1723 2114 2239
15 0326 0453 1309 1724 2116 2239
16 0325 0451 1309 1725 2118 2239
17 0324 0449 1309 1726 2120 2240
18 0323 0447 1309 1726 2121 2241
19 0322 0446 1309 1727 2123 2242
20 0321 0444 1309 1728 2125 2244
21 0320 0443 1310 1728 2127 2245
22 0319 0441 1310 1729 2128 2246
23 0318 0439 1310 1730 2130 2247
24 0317 0438 1310 1730 2132 2248
25 0316 0437 1310 1731 2133 2249
26 0315 0435 1310 1732 2135 2250
27 0314 0434 1310 1732 2136 2251
28 0314 0433 1310 1733 2138 2252
29 0313 0431 1310 1734 2139 2253
30 0312 0430 1310 1734 2141 2254
31 0312 0429 1311 1735 2142 2255
