01 0343 0508 1319 1732 2120 2240
02 0344 0510 1319 1731 2118 2239
03 0346 0512 1319 1730 2116 2238
04 0347 0514 1319 1729 2114 2236
05 0348 0516 1319 1728 2112 2235
06 0349 0518 1319 1727 2110 2234
07 0350 0520 1319 1726 2108 2232
08 0350 0521 1319 1725 2106 2232
09 0350 0523 1319 1724 2104 2232
10 0350 0525 1318 1723 2102 2232
11 0350 0527 1318 1722 2059 2232
12 0350 0529 1318 1721 2057 2232
13 0350 0531 1318 1720 2055 2232
14 0350 0533 1318 1719 2053 2232
15 0350 0535 1318 1718 2050 2232
16 0350 0537 1317 1716 2048 2232
17 0350 0539 1317 1715 2046 2232
18 0350 0541 1317 1714 2043 2232
19 0350 0542 1317 1713 2041 2232
20 0350 0544 1317 1711 2039 2232
21 0350 0546 1316 1710 2036 2232
22 0350 0548 1316 1709 2034 2232
23 0350 0550 1316 1707 2031 2232
24 0350 0552 1315 1706 2029 2232
25 0350 0554 1315 1704 2026 2232
26 0350 0556 1315 1703 2024 2232
27 0350 0558 1315 1702 2021 2232
28 0350 0600 1314 1700 2019 2232
29 0350 0602 1314 1659 2016 2230
30 0350 0604 1314 1657 2014 2226
31 0350 0606 1313 1655 2011 2222
