01 0350 0607 1313 1654 2009 2218
02 0351 0609 1313 1652 2006 2215
03 0354 0611 1313 1651 2004 2211
04 0357 0613 1312 1649 2001 2207
05 0400 0615 1312 1647 1959 2204
06 0403 0617 1312 1646 1956 2200
07 0406 0619 1311 1644 1953 2157
08 0409 0621 1311 1642 1951 2153
09 0412 0623 1310 1641 1948 2150
10 0415 0625 1310 1639 1946 2147
11 0417 0627 1310 1637 1943 2143
12 0420 0628 1309 1635 1940 2140
13 0423 0630 1309 1634 1938 2137
14 0425 0632 1309 1632 1935 2133
15 0428 0634 1308 1630 1933 2130
16 0431 0636 1308 1628 1930 2127
17 0433 0638 1308 1627 1927 2124
18 0436 0640 1307 1625 1925 2121
19 0438 0642 1307 1623 1922 2118
20 0441 0644 1307 1621 1919 2114
21 0443 0646 1306 1619 1917 2111
22 0445 0648 1306 1617 1914 2108
23 0448 0650 1306 1615 1912 2105
24 0450 0651 1305 1614 1909 2102
25 0452 0653 1305 1612 1906 2059
26 0455 0655 1304 1610 1904 2056
27 0457 0657 1304 1608 1901 2053
28 0459 0659 1304 1606 1858 2051
29 0502 0701 1303 1604 1856 2048
30 0504 0703 1303 1602 1853 2045
