01 0508 0708 1157 1403 1635 1829
02 0509 0710 1157 1401 1633 1827
03 0511 0712 1157 1359 1631 1825
04 0513 0714 1157 1358 1629 1823
05 0515 0716 1157 1356 1627 1821
06 0516 0718 1157 1355 1625 1820
07 0518 0720 1157 1353 1623 1818
08 0520 0722 1157 1352 1621 1816
09 0522 0725 1157 1350 1619 1815
10 0523 0727 1157 1349 1617 1813
11 0525 0729 1157 1347 1615 1812
12 0527 0731 1157 1346 1613 1810
13 0529 0733 1157 1345 1612 1809
14 0530 0735 1157 1343 1610 1807
15 0532 0737 1157 1342 1608 1806
16 0533 0739 1158 1341 1606 1805
17 0535 0741 1158 1340 1605 1803
18 0537 0743 1158 1339 1603 1802
19 0538 0745 1158 1337 1602 1801
20 0540 0747 1158 1336 1600 1800
21 0541 0749 1159 1335 1559 1759
22 0543 0751 1159 1334 1557 1758
23 0544 0753 1159 1333 1556 1757
24 0546 0754 1200 1332 1555 1756
25 0547 0756 1200 1332 1553 1755
26 0549 0758 1200 1331 1552 1754
27 0550 0800 1200 1330 1551 1754
28 0551 0802 1201 1329 1550 1753
29 0553 0803 1201 1329 1549 1752
30 0554 0805 1201 1328 1548 1751
