01 0554 0757 1226 1418 1646 1842
02 0552 0755 1227 1420 1648 1844
03 0551 0753 1227 1421 1650 1846
04 0549 0751 1227 1423 1653 1848
05 0547 0749 1227 1425 1655 1849
06 0546 0747 1227 1426 1657 1851
07 0544 0745 1227 1428 1659 1853
08 0542 0743 1227 1430 1701 1855
09 0540 0741 1227 1431 1703 1857
10 0539 0739 1227 1433 1705 1859
11 0537 0737 1227 1435 1708 1901
12 0535 0735 1227 1436 1710 1902
13 0533 0732 1227 1438 1712 1904
14 0531 0730 1227 1439 1714 1906
15 0529 0728 1227 1441 1716 1908
16 0527 0726 1227 1443 1718 1910
17 0525 0723 1227 1444 1721 1912
18 0523 0721 1227 1446 1723 1914
19 0520 0719 1227 1448 1725 1916
20 0518 0716 1227 1449 1727 1918
21 0516 0714 1227 1451 1729 1920
22 0514 0712 1227 1452 1731 1922
23 0512 0709 1226 1454 1733 1924
24 0509 0707 1226 1455 1736 1926
25 0507 0705 1226 1457 1738 1928
26 0505 0702 1226 1459 1740 1930
27 0502 0700 1226 1500 1742 1932
28 0500 0657 1226 1502 1744 1934
29 0458 0656 1226 1502 1745 1935
