01 0457 0655 1225 1503 1746 1936
02 0455 0652 1225 1505 1748 1938
03 0452 0650 1225 1506 1750 1941
04 0450 0647 1225 1508 1752 1943
05 0447 0645 1225 1509 1754 1945
06 0444 0642 1224 1510 1756 1947
07 0442 0640 1224 1512 1759 1949
08 0439 0637 1224 1513 1801 1951
09 0436 0635 1224 1515 1803 1953
10 0434 0632 1223 1516 1805 1956
11 0431 0629 1223 1518 1807 1958
12 0428 0627 1223 1519 1809 2000
13 0425 0624 1223 1520 1811 2002
14 0422 0622 1222 1522 1813 2005
15 0420 0619 1222 1523 1815 2007
16 0417 0617 1222 1524 1817 2009
17 0414 0614 1221 1526 1819 2011
18 0411 0611 1221 1527 1821 2014
19 0408 0609 1221 1528 1823 2016
20 0405 0606 1221 1529 1825 2019
21 0402 0604 1220 1531 1827 2021
22 0359 0601 1220 1532 1829 2023
23 0355 0558 1220 1533 1831 2026
24 0352 0556 1219 1534 1833 2028
25 0349 0553 1219 1536 1835 2031
26 0346 0551 1219 1537 1837 2033
27 0343 0548 1218 1538 1839 2036
28 0339 0545 1218 1539 1841 2038
29 0336 0543 1218 1540 1843 2041
30 0333 0540 1218 1541 1845 2044
31 0329 0538 1217 1543 1847 2046
