01 0426 0635 1317 1644 1949 2149
02 0423 0632 1317 1645 1951 2152
03 0419 0630 1316 1646 1953 2155
04 0416 0627 1316 1647 1955 2157
05 0412 0625 1316 1648 1957 2200
06 0409 0622 1316 1649 1959 2203
07 0405 0619 1315 1650 2001 2206
08 0401 0617 1315 1651 2003 2209
09 0357 0614 1315 1652 2005 2212
10 0354 0612 1314 1653 2007 2215
11 0350 0609 1314 1654 2009 2218
12 0346 0607 1314 1655 2011 2221
13 0342 0604 1314 1656 2013 2224
14 0338 0602 1313 1657 2015 2228
15 0334 0559 1313 1658 2017 2231
16 0330 0557 1313 1659 2019 2234
17 0328 0554 1313 1700 2021 2238
18 0327 0552 1312 1701 2023 2239
19 0327 0549 1312 1702 2025 2239
20 0327 0547 1312 1703 2027 2239
21 0327 0544 1312 1704 2029 2239
22 0327 0542 1312 1705 2031 2239
23 0327 0540 1311 1706 2033 2239
24 0327 0537 1311 1707 2035 2239
25 0327 0535 1311 1708 2037 2239
26 0327 0533 1311 1709 2039 2239
27 0327 0530 1311 1710 2041 2239
28 0327 0528 1311 1711 2043 2239
29 0327 0526 1310 1711 2045 2239
30 0327 0523 1310 1712 2047 2239
