01 0311 0428 1311 1735 2144 2256
02 0310 0427 1311 1736 2145 2257
03 0310 0426 1311 1736 2146 2258
04 0309 0425 1311 1737 2147 2259
05 0309 0424 1311 1737 2149 2259
06 0309 0423 1312 1738 2150 2300
07 0308 0423 1312 1738 2151 2301
08 0308 0422 1312 1739 2152 2302
09 0308 0421 1312 1739 2153 2302
10 0308 0421 1312 1740 2154 2303
11 0308 0420 1313 1740 2155 2303
12 0308 0420 1313 1740 2156 2304
13 0308 0420 1313 1741 2156 2304
14 0308 0419 1313 1741 2157 2305
15 0308 0419 1313 1742 2158 2305
16 0308 0419 1314 1742 2158 2306
17 0308 0419 1314 1742 2159 2306
18 0308 0419 1314 1743 2159 2306
19 0308 0419 1314 1743 2200 2307
20 0308 0419 1314 1743 2200 2307
21 0308 0419 1315 1743 2200 2307
22 0308 0419 1315 1744 2200 2307
23 0309 0420 1315 1744 2201 2307
24 0309 0420 1315 1744 2201 2307
25 0309 0420 1316 1744 2201 2307
26 0310 0421 1316 1744 2201 2307
27 0310 0421 1316 1744 2201 2307
28 0311 0422 1316 1744 2200 2307
29 0312 0423 1316 1744 2200 2307
30 0312 0423 1317 1744 2200 2307
