01 0313 0424 1317 1744 2159 2307
02 0313 0425 1317 1744 2159 2306
03 0314 0426 1317 1744 2158 2306
04 0315 0427 1317 1744 2158 2306
05 0316 0428 1318 1744 2157 2305
06 0316 0429 1318 1744 2157 2305
07 0317 0430 1318 1744 2156 2304
08 0318 0431 1318 1744 2155 2304
09 0319 0432 1318 1744 2154 2303
10 0320 0433 1318 1743 2153 2302
11 0321 0435 1318 1743 2152 2302
12 0322 0436 1319 1743 2151 2301
13 0323 0437 1319 1743 2150 2300
14 0324 0439 1319 1742 2149 2300
15 0325 0440 1319 1742 2148 2259
16 0326 0442 1319 1742 2146 2258
17 0327 0443 1319 1741 2145 2257
18 0328 0445 1319 1741 2144 2256
19 0329 0446 1319 1740 2142 2255
20 0330 0448 1319 1740 2141 2254
21 0331 0449 1319 1739 2139 2253
22 0332 0451 1319 1739 2138 2252
23 0333 0453 1319 1738 2136 2251
24 0334 0454 1320 1738 2135 2250
25 0335 0456 1320 1737 2133 2249
26 0336 0458 1320 1736 2131 2248
27 0338 0459 1320 1736 2130 2247
28 0339 0501 1320 1735 2128 2245
29 0340 0503 1320 1734 2126 2244
30 0341 0505 1319 1734 2124 2243
31 0342 0507 1319 1733 2122 2242
